174.4854
122.2179
119.0292
117.5228
115.90440000000001
115.924
123.23660000000001
119.35430000000001
114.8596
114.01700000000001
116.65830000000001
113.8574
109.1212
111.1923
111.3742
133.6484
111.2853
109.7647
113.31580000000001
109.9783
107.49600000000001
105.66130000000001
36.078
42.8633
31.980600000000003
34.0259
34.850300000000004
33.0069
30.0393
34.5323
30.6106
30.799500000000002
28.838
31.149800000000003
29.863000000000003
29.154400000000003
28.4051
27.8721
28.0557
29.3446
27.7616
28.195500000000003
